00000000000000000000000000
00000000000000000000000000
00000000000011000000000000
00000000000011000000000000
00000001000000000010000000
00000010100000000101000000
00000100100011000100100000
00001000000111100000010000
00000110000100100001100000
00000000000000000000000000
00000000000000000000000000
00000001100000000110000000
00110011000000000011001100
00110011000000000011001100
00000001100000000110000000
00000000000000000000000000
00000000000000000000000000
00000110000100100001100000
00001000000111100000010000
00000100100011000100100000
00000010100000000101000000
00000001000000000010000000
00000000000011000000000000
00000000000011000000000000
00000000000000000000000000
00000000000000000000000000
